nome


atributos
12
6
12

itens
1
Espada Longa
5
espada


cena_atual
24576

cenas_visitadas
1
1
1
1
0
0
24576
24576
24576
24576
24576
24576
24576
24576
24576
24576
24576
24576
24576
24576
24576
24576
24576
24576
24576
24576
24576
24576
24576
24576
24576
24576
24576
24576
24576
24576
24576
24576
24576
24576
24576
24576
24576
24576
24576
24576
24576
24576
24576
24576
24576
24576
24576
24576
24576
24576
24576
24576
24576
24576
24576
24576
24576
24576
24576
24576
24576
24576
24576
24576
24576
24576
24576
24576
24576
24576
24576
24576
24576
24576
24576
24576
24576
24576
24576
24576
24576
24576
24576
24576
24576
24576
24576
24576
24576
24576
24576
24576
24576
24576
24576
24576
24576
24576
24576
24576
24576
24576
24576
24576
24576
24576
24576
24576
24576
24576
24576
24576
24576
24576
24576
24576
24576
24576
24576
24576
24576
24576
24576
24576
24576
24576
24576
24576
24576
24576
24576
24576
24576
24576
24576
24576
24576
24576
24576
24576
24576
24576
24576
24576
24576
24576
24576
24576
